-1743117007
716955482
1613606870
1984531677
91408433
390693016
512616408
1703582240
1502597337
1970961925
2031682814
-1375009297
178950976
-300272085
-112404978
-143031754
490611014
608327949
-593494763
143315787
-1100156131
-1715847079
1648965003
-821623489
-1862659061
-1879632167
-1296934731
98837110
253876077
-1145928913
703382602
1413300090
1843026430
506776001
1538459481
-1651642357
2009355097
936024561
-1445070487
-779650694
-744948804
-1985086831
1810997217
-1990830538
325716494
908921238
-1043823190
-1367089497
-69923294
-1555004661
1923770642
-569824454
1822141245
-1309719737
126182387
635798460
-1155107115
809187425
1624175124
-1646530580
-1416593509
782726884
-1056671282
-1977565878
1379254459
1070491071
-367445262
-1711731147
1453262178
452605311
-392574998
702268980
1699348608
-1268705601
1227582749
-1983617133
812948687
2034885598
781200024
1247655473
-1929459438
-1067109902
1706959850
-1212992616
-538557278
-1561199363
-1524389298
2071316558
-686542810
-922459298
2048869647
80817770
-177445215
1572349066
-2042274776
-1114312343
-1165303119
1988089595
-75273942
1296897858
-1835289580
106760552
1288360546
-1877752137
1987987823
-1176714443
-1226058694
1772519149
1882001994
1182210092
753605855
48149566
-1888567969
916964205
-895287772
559343182
1063687955
-1493107293
-768910939
1409450844
586009668
-824638856
1653713711
1695558874
1811387717
1413871946
723309919
1993552190
366906662
102970654
-470903672
267013914
328841528
-1827274796
-175195174
531043690
-1245969201
-1858640740
-2096455489
1075475756
-1593232055
-1167348312
-1340778360
-1805625290
1100454479
-1396209373
339455048
286085443
-668598694
-1177247
-1878464768
-1891714738
-205415559
-950930345
1193796092
570347043
1229985872
150476364
492696444
-155998670
-1857171101
-1610642480
1643357077
-580317787
307294868
-49269011
536431449
171090101
954606826
1008653212
1311285
-421218503
-1956391789
-906403974
-1671332454
-382208641
647844652
-66729797
1321715424
1851037279
-13673922
1690835038
-1209013402
117424780
1723052555
-1486582878
-1082586371
1752598829
-725483381
379932856
2128832646
849825196
-41941839
-2142053703
780755161
-701251892
-1562131982
1328087257
-1326027800
1488104193
-554803193
1268931805
189434916
1430930939
2085536496
158768330
-346370018
137409411
742858556
-1002456098
606456433
774499211
1688276615
-1937418556
-1052957728
318196607
-1825576892
514625282
1479781306
-199333663
1176068796
842936757
-1775138171
1437726996
1427685462
417076608
-1782154533
-1776229769
-261026536
-329653310
1479289998
-776156491
1921462381
-1845706490
1000945170
1877653082
-1587226840
1898481855
-1998112740
-939160150
-1309574711
-856125388
689248134
-2078041427
1472135934
1437410489
1624797557
1902990478
-1105470869
1337342239
-2036355651
-1983575003
-1175169107
-575211923
941118339
1180978642
1680466332
-932895793
-1734114269
-536015732
-1448722992
-169698866
-874725292
-2068190663
232117350
-2124532543
-1176151158
-845532865
-1248072700
-1632830846
1768505755
-941927590
-260038119
-1285331099
-210242907
-1467285072
2080678761
184686182
-2120820434
351941154
235464904
1967667361
-2061476213
-1497717276
-1223361499
-672034810
-1437245050
-1311390385
279284170
525132108
398259002
510977269
508641761
242422054
-1647804862
2048935925
1059343929
-1212784460
1097907218
-247762031
2132205642
325352764
1491213476
750430205
1129323382
1701664537
2039841878
-1284074887
1865867153
1160508402
362578962
1463848097
1080440739
-189943761
-1732874321
-450167549
-994873108
-911760471
2134242966
463383794
-1009770969
823205280
-2028658008
957294489
-1913484526
-95065103
688906591
145585746
1855153198
931029384
-897877197
2023345720
-1644718397
-270774254
51617086
-1542847750
-769020633
-372807433
979097890
216257266
-529126594
-379471481
1086242602
279404661
-541937852
1560295027
1065481903
-1787335572
-1848649015
-1353414018
-365365060
1926374947
1957840893
1926798451
-1428795148
1063691361
659492653
-1667760039
420841652
1335909303
80519309
-847067163
1559634036
-1069341155
741406263
-1405589969
-1264436366
721924026
473064051
-185558360
-1365122671
-237937406
-1739555271
-988571829
1541798781
353631750
2058288115
-747514349
-935039725
210821894
763650694
-2145431124
229700096
-1409800629
-745868141
-1493363347
-585850713
1752448819
956450809
-784902012
157300552
1442001549
-759934562
598579314
-1936484515
2086794278
-1369904785
1302161082
1429672775
457428388
-471922012
-885006892
-2090241494
-1906778479
-237808568
1184166248
1366281748
-1784411718
1552911864
1821838776
-756895644
659678138
-799591190
-1849378211
-1050275735
-536381743
373380401
1435841589
1552947273
-415698951
319828798
-1538772325
-1099115484
1318422843
974883241
13650905
499855224
-963164866
-713400527
-1734693670
446817478
-65384416
-68830975
-269608925
488719221
751376776
1151184181
-758751228
-762253321
-412648453
1177459099
-223293430
971440682
-2099739281
-1232305475
964770231
1379411456
1885320477
-438903009
1375639668
611754593
341295771
427250372
1713471686
2011195983
-2119810519
-1754128649
896388800
1406835787
550812234
-1847113145
-1064024136
1962611703
-1725104490
1966064850
555754301
-471404036
-104864818
-1074656058
935309127
-440975827
790274353
-1472325852
-1728674896
-452786196
-371166451
-1955036985
704313571
-1161778996
-1346153832
-321303643
-848833070
-853144201
1823463168
-2017285037
478570797
-624285486
1521324991
1819847630
-1249607216
1741157726
-315193292
-150298249
338492028
-1278891807
-572689297
-1379153569
552651977
-657916348
-582736052
919108293
-1132863653
1307294143
1910512066
-562445604
467665748
76663602
1998383996
-439261232
237753609
-722160938
-1873701719
-2032887797
1985639415
-168948716
-453615344
1704708531
-791656969
-165322060
467077222
-873296265
1599617457
-1469860294
-623020061
1882873739
649083982
-468627572
-171499246
-1059084816
-881142159
-200749864
-387980824
1558217464
1299784807
1261733812
-1963271656
-338092791
-831545956
907655558
-325926491
1426158753
-515154096
80151077
-696216392
281347481
625274507
-1210960704
307275955
744274093
991470926
-546599170
-1238663547
-2041059013
-281264374
-1018511769
-943135169
-964066486
-159631275
1738299393
842614759
-677741107
-102566437
-866343362
-625334900
-187484887
1182197394
871821589
-2037896550
935422453
343676209
298755182
-1074635665
2138630144
-2085036830
-607520574
1360478253
1518934423
-1778076363
-1588854270
-1477572142
-1650324729
1248020824
1753630904
1187719301
-1752718752
-1604497787
-1226288788
-1750023119
2006585212
-1871983173
-990529976
884015191
-618219457
-1302211408
120698622
900798496
1864705311
1493942789
1733911273
-516315215
-868765210
-906321733
-1592540814
1542567618
-771750218
216352485
902929589
-1775806351
-1185702579
-1368380513
-1156787613
-912133037
1255986826
164112446
1857113833
-1188590388
1434018864
-91514680
-310896943
2145359520
-579925272
-1337946202
815727209
-564972087
127664268
625873047
300814241
1853092746
2052614818
274302696
413494841
755974596
-1793933018
390654690
1040034331
380002183
1074338187
1513966210
1318426629
-989367572
991796740
-773805713
364898410
-1283593183
1306834175
1654484008
1113359514
238912964
-537944847
1292157564
17308192
1208776309
-1489076136
-569588417
1328445546
-2073647195
-537836035
-148489414
-1540184913
-1382218316
67019130
1907702115
1940506637
-1693369029
539830267
846664269
1540643824
1558149541
-1795003064
1527990497
1347631290
-850593532
2065198338
-1044612530
1624009376
913017121
-1299594196
1000436541
-1475481390
-925941291
1361673965
1446896713
-1468347682
3477654
591625875
-2002949714
-1334773674
-372381356
49200091
1469766207
-1961013585
-1496600443
717941103
978391453
-1709422228
-368430466
1586969263
-1919833691
-1198180229
-1837122555
-693611853
-1719052502
-613453602
-1161418717
-1759535216
-1962877468
169304973
-1983482051
287745499
1965346727
-230441318
-23182491
798294123
-1733457193
1300823190
-1418222099
-644867999
-1662768102
-2087975373
2105631293
1629477228
1704486736
1032505898
79587814
-1583094199
971406271
-100929698
977341942
-423030391
-236210286
2004157761
668430733
945233558
-2139406716
119068278
-2039213648
-970256649
13371352
1724236216
-235506084
-634224686
1110722444
-1269416711
-1901764386
-1602167886
-594168115
-876353842
1609370465
-136354678
442593197
69192201
1577668040
1405442554
1615941651
-1185368153
-361972802
62242768
1247811570
2096290540
1177751562
936675536
141080252
-1537086516
1677621543
526199224
-563577831
1525261197
-326853869
264296574
1139220436
1694390185
-1140237721
-757924901
1589826837
-1906712840
-61684569
-607219956
1590549717
-661183218
1535289819
241663447
613305229
543756257
-1577600162
348601547
625473072
698850223
153175029
-1719393844
1686354524
280514846
-2142384861
2107064526
-825846325
-1601865308
1680754106
-1202925344
626934031
1099544105
-951288395
-1536729748
-682606210
1185668073
239930181
1114523581
-1563187606
-1845412961
1874980137
1621384384
747431317
-1807042849
-1915453886
-1649704178
289835747
-664582205
1700957798
396805417
2069409617
-702751030
-879512461
251411461
1369205541
141736700
-1784074841
1441570250
2045228903
-137977776
-803480017
-1655802664
-404655473
1951436882
1866548989
1461142283
-1044087681
-448861952
233407710
1362957631
1923358131
-1065415179
1526049995
1797212950
741551542
-1006305335
386341246
-179464456
-198005545
-706050634
475889224
-1016038821
-1430010596
-618345089
369283873
-1702444476
2049205879
-686185076
-708743680
383764492
1159524919
525055321
-1018045075
225606247
316189121
-538486767
-1611442093
-1213369694
1011471487
-26215051
-646260966
400333355
-1948921577
560477443
1142041077
721757270
1393853920
885835603
1000448120
-471801763
657581201
-1109556797
-1435232660
229517225
-499681989
724867158
458127846
354020431
1366236280
-1562918439
-13558122
366848988
-1368420124
-1661177273
1804235356
889408085
1685468108
-2115315858
1644685088
1314724217
1840857381
167869393
-659872286
-538931128
-1348957505
-225070128
882302735
997619400
-2008927558
-947177210
1298648087
-1212446202
1338251576
-1170237454
-1088178629
1985535066
-388370092
1493980120
-955148629
-2092206609
-564973230
829220073
-244636721
1877408130
-1611967978
402912417
-603365404
114774378
-1608379942
-1081246608
2050161867
2015471831
-1287082469
411151004
-523458275
358954334
-1445705516
1896264037
1301846658
-610233164
-1269502738
-1509038999
154396995
281592505
1634985462
-1118123959
-145387236
-456463432
-1655480560
-1426524019
1018964823
-1889362195
-522945237
-1383069756
-1015761387
-759028409
99117173
-766329361
-1779041042
648216686
-10225391
-1254532832
-583960900
1680922118
-166397177
990688349
-1368150860
1772178229
894647676
-1161660215
16481973
1752142947
2117525794
554220805
-372188956
56278336
490772977
-35539245
1138273912
-441324278
-1042819050
-149527812
-340963886
1953114895
349047851
-984529036
-1080073776
-953325711
1381333673
186692539
1169503329
1682623529
1607291546
-13491323
-1463613860
-1301505459
-1918108782
-200366180
873500813
-1502079083
1022086879
1236957445
1873609233
-1757392869
887992319
-1223157151
-271314973
201109601
-1912063918
739355542
349956534
-905921640
-1791923696
-929999954
-1202903036
-633183713
295444092
-1585715970
-1002240154
-66012087
1828823897
-898687094
893617446
1211444579
-1377616995
2067215784
564408594
852833012
798390116
822441698
1032439954
-1291099066
-106260697
-2018753248
1826483965
-242063835
1717857837
-993871866
1584895783
1413797606
32602176
-539716965
-899157442
652310186
-1194715484
1307143978
-1171851306
582160356
1187391557
905463148
-1988633791
313517080
-1863945938
-1786073369
-208731612
815571172
218662210
-2094690928
914903110
1174085956
1809984037
1296234679
-388637525
1229815568
1845257338
-83651549
-1505991711
297416906
-1556765613
1568388476
-311161959
-928616554
14009573
-1075643415
-371635336
916947337
-474623109
-1875689991
251858735
-1484946395
-1784098387
1798173126
1271948744
1809605412
-1770920239
-1936886953
-1328459197
2145494900
1013429424
546950470
135500129
1584474755
917226364
-1649481822
1939171518
-594331204
-1109903103
-1933819626
1898828581
546500176
-277524709
-844851638
-270885345
2135145785
-1079296665
-505013367
-1738912563
-1698593925
-490960323
1935289507
1124127735
1768854188
136312541
-1603954924
1544782692
1982300599
718306023
1893786213
-806768533
1541195228
-1193475312
-1181599022
-170592822
591288314
-22485229
92856876
-575857483
824568336
-471250204
1732528896
-1123482830
338718977
1618665259
1167016441
-269544541
-272628074
-1863404304
-476460670
-631430748
-22321207
1701058706
-10318929
-844054505
-1334799552
607168509
120260189
334914684
-49001449
1949767707
348116375
750185349
2117108962
467688842
-1240416197
-1337961751
-1286605071
-793629552
338324188
-522208136
617966037
1136198731
-295840534
-1437594001
798060323
1739274540
763364368
1073857805
2081527415
-770854234
1022263773
404080997
467688892
402280481
1923846053
607019381
480076201
1555245364
1471100073
-1344893576
-112618866
-1557324524
-1279751563
-1754175880
-1784975024
930047302
-1631786103
-811052506
-1981048655
139272092
734586939
-1117249555
680138452
-1730608290
1342252507
1189765956
1129405184
1245885894
-1565553640
4824899
-900482141
-707759695
1261135009
1727272825
-1630742374
-1969293676
-1657712369
-533046788
-1471128145
519893676
1579825921
-1921788224
1640229218
-254387079
-1272012152
84219948
-1203102740
1861709676
881192645
1882747114
-2078207360
221659102
825730257
1536373502
-355020077
-1022551484
775858396
-279002086
794454750
1176445345
-1655902824
431891247
1872283874
1271128379
-1794099753
404599623
1824559020
1699595665
80661618
2085904273
456682266
-41242485
-516073875
1336569021
2114431197
-1975706381
1373447000
-194278518
1730746752
-851475164
21274615
1391394972
-2026078808
-1645543168
1151979301
1113191826
-1282735204
-277524698
-501158667
-720550056
630692103
-477512348
1065328665
-1376688711
1807488253
-1532779413
-940089977
199759927
-891257285
1760062145
1384112729
617954334
1852436914
2007646971
1632954356
1730990038
961736006
-392423126
-1319602580
-1996103815
-1573453102
1465017237
-513967833
60237477
1211643759
657705640
57964991
-486835310
-263941386
-1632117715
-678517460
694769510
765895618
-201245255
-848724190
2078937031
-164365638
-205254040
-302520392
1246926258
-434576498
-1119844404
-2002561206
503893386
-1586438849
-568017375
822768799
-2143431564
-154167579
380141510
-594515635
-638138655
-1915325268
476609512
107124827
-2084381589
-1271996129
-1464993664
-758080728
-1181291291
1912729256
137047934
-2111002484
1848881836
1770655063
-1107047610
-836187588
-1174577597
467917026
-847497637
1560773747
1619021599
1007633132
203534937
-2109942835
1061684670
-2141020790
-722965976
1720100213
1433051901
1724205570
1658581870
676474242
-159610709
689967061
-2100169915
-222969954
-87756968
2043502591
-1504323026
-1281552920
-1027242637
-608958340
1509944132
1799352859
1790208915
-1688527858
-707198284
-707123985
-458677740
-1376906691
-1567633556
-551778369
53623782
1695835039
-379882478
993453163
51571361
-621795751
-239942857
635651967
1732556763
-590647579
-21067060
-2100668268
525008829
-1791723244
1373676244
-299215626
-357891884
868539734
-1492077734
522227846
-969632476
-1043311047
1449846182
-661675806
1173678210
1811667503
593228971
2023397058
40747043
25562516
412700866
-1823479387
1983981423
-1089056530
130763421
1638201772
-1406495205
-1401426059
-138774155
-997372988
421258102
-1493487146
187748486
721871883
-1260020990
1838045491
-120449092
1940349548
1782023749
-1271085458
-1070154834
1825293707
-163610655
-85798489
-842061621
-1941506072
1174004706
-221702654
-1799019054
-427193538
-592957097
12727725
-546053753
134170156
957853987
2039634465
-1150900317
-1341822953
-5556716
-1256721241
811168011
1168557901
-1296545228
-434011363
-1850358971
1366895982
1526291807
-1319871239
-1833331929
399087111
-472135403
-247149426
-1373823279
1090204543
1686748561
-1591740274
1978135260
500653622
-1275237350
-28548657
-25915693
-1328885270
-1385430376
208533841
-2086314783
233758045
2016169065
-2105077120
1212477644
-1870436300
338037877
62895541
1622589985
-1352076510
-954964865
1727076098
-356723279
561509957
-793322050
-1112853202
661260859
1753563599
-642652500
306636030
-106955670
-2068232983
-879175139
1157024950
-1645038079
1809473235
1705567122
-1645341730
-1480876972
931700303
-1034070834
786156361
-1110945287
-999582913
-1015332694
-731492013
2125037504
-1992747379
-1246007515
-247318935
-596592417
-1182389174
-2145976641
-63674931
283897457
-1279171559
-30652666
-653814118
-1453316575
1170758606
779538544
511265030
-1431541726
1719683153
762213739
-794635289
1071192162
-1493980984
1800339634
1822901880
78065406
1089832949
-1802838814
532095580
-1091173385
1584197595
-1979668148
-1526255134
604873254
-244223065
-550189044
208141961
893834605
1418458062
1330461018
-637555769
1634297903
1778188402
-1231071201
-813680123
816595969
857505290
1938049995
-867142162
130705825
-469995456
-954055835
-1665263639
-296029146
1974669085
1663421923
481548259
482974585
961448547
-716708933
-1730774703
-97490429
548871993
-634227271
-174582923
-1456825945
1877632013
-937519853
1996560863
130272242
-1975193931
-2086369094
1910696246
1227231633
859683031
-1343790094
538958904
-220433149
575202955
-1144327644
-235852546
-492372850
1556992830
-646181901
903030404
540563319
-1317631783
-243226228
-1002149272
520399468
-1680014047
-268024254
2081246962
-355717307
419230048
-411408039
59808084
-1392272405
-1038700475
132278305
871831602
1692894360
924509704
1143256390
1344004707
1596403008
964943569
784814438
993476089
2011594318
921991002
1942761700
379745150
-241299309
-1370854446
-963794181
1391399297
1482392699
1011626244
-569752043
1798333520
-1571579775
83409848
-2127530659
1241392646
1473950436
235002457
-726656109
446933703
-856698214
1281361111
1306584862
-429978294
1490099077
477677262
1873402727
2043158423
1808822756
2017404903
-397960348
1370432529
-1944987381
55031422
-1097578126
-1522560329
-1237022378
1480595589
72159335
2100522662
-1425870501
1876182695
1442752999
1504178145
328537694
1829361072
1107523062
1777108309
-1802237943
683405867
1133705167
1202811670
1101290332
-211226036
780913651
-2121559826
241754338
-869490160
-509711484
-870912743
-584185307
-1143951966
-1743761198
895113033
1860285027
-1114714623
-676048586
1068111855
1894923904
716610526
1680752670
-395814980
535513151
-1524421430
-748343447
-1478100123
-799717204
210427536
-379002635
-1030817882
1036056028
-696912673
692338037
1824088458
-918665255
-1102123732
-2055215993
1780399848
269113558
-322327338
-1682626043
-595895504
675189930
-1978864246
-876407654
-901274521
-1090589829
-287601688
-96718440
-1287924625
-1588855879
-55468954
800936457
-57775476
1903781710
1436772980
692749571
-1897776861
1855440915
1762313697
-2117016768
601951171
-198903931
1676755581
1740701678
902572393
1582079416
-1041478146
-325119294
-2011416833
623786891
1460289575
1419980626
-639746522
-1757600740
1941817638
1666522532
-1995187147
-1558046338
447177277
1286907905
238607744
-1815248727
-336419675
-1707576817
275826908
-1461428046
1425517230
888843550
-100458654
-1314807493
187621162
-1274266175
32855155
-1813496788
-779624692
-1403246943
1862124029
1004164770
-719695541
-936751987
-906289925
1293186343
-1942890229
-338040876
-288346558
82525988
1327793663
1181300438
-1841572999
-1342339693
-545954040
1377387992
1447136360
2085847288
-1514462430
120184856
-717809546
392133265
-1545814912
-1271202271
-640685972
-1413262133
1572135412
-2027535008
13068415
1761715960
1615753876
322465014
995583628
-1367842753
-1913448550
1742445518
-1732765531
1450059219
91166860
1111561202
-1531213877
81453160
-612643428
-827736294
-764517635
187116769
276059216
1607626886
1606712945
-1650088883
948857445
-1509822451
-218660064
742666004
1544262385
-1065082252
-1214082424
-1927096467
896854471
356442883
-787619155
-526332142
1479952670
264397397
-1396074912
843553847
135505268
-1124065680
-1125689917
-1811439177
-599931985
-135215083
-938054901
-122128752
1299819910
1730324824
-1210161273
1258471569
1210091550
-1733336718
1181783266
-33520047
-286019337
-491714092
1447605924
-1472451485
890979593
1866209408
173662206
-1618636345
-2107410902
-1251699820
-569613882
932708259
-2026941774
438987303
1025381567
1577246770
-203562143
630326872
885425182
779251963
1271448447
-1897173853
1301593161
-1835735994
1154586436
-526680970
-124468767
-1817467445
1944454266
-320854524
111604994
681555628
-1288171168
725723480
-1361845047
-1385474907
576916945
384840364
-871672042
-283484030
-1449956699
443443194
1281722514
-1513736240
-112581801
-1579238445
-1477842701
453572055
1857723880
-867002000
2068764542
-1834004537
-1957944062
1926741510
-1202052147
1143963696
-1430888353
-84847778
-373139758
1893660087
-658346133
-1628463196
-1209202661
2085075206
2083555880
-1972216194
-1629043881
748273156
-1982051247
-1181804704
-793427432
541299782
137891522
-422181602
-907215398
-2038355260
1775891222
-989502782
-1518379453
-1436116273
609977745
501494175
-1069086804
2111319618
-2122901184
1706740902
-2127819297
457184503
-111394210
-1552884489
-401469662
-320504451
283579129
-843217989
-396461196
-2033187577
1123810773
-1756377808
470125590
794669734
-1811643504
329433348
1576054604
-228527686
531041798
898737127
-1367774108
-33603674
-308896266
1291206235
115344375
-153059134
956116709
-756794162
-1856679826
634007701
-791808702
-776864535
-22828345
-1967070909
1819990730
1747999786
1358616473
1685962308
-2107974354
-2089264208
-1726005163
-307427754
29700850
969846101
-2139292466
2135273652
348084887
-796230143
-2086440710
-275140216
-363169796
-1746005699
-306806023
-1681813091
1438557184
1874133510
-1297175209
-1275245224
2091455084
252001507
1947300238
-19943704
-1123274224
2142046009
1314909902
-1590126660
-1697699029
-1603688482
-1928224513
-1748636363
-828612593
-912816917
1540197382
1668947101
998560773
-999961899
-839624889
704801366
-1925669779
1672802494
-1246618262
-911835050
-638402519
141078024
1509356642
2046685138
-868669124
-697617109
52523435
-904947143
1735888045
354994120
-250171694
-1639303837
1770417329
858257406
-1086877126
738483978
-123889400
-908842245
-1420074980
2015753080
-1153183321
1104490708
284415951
713268098
-1933348970
-492304999
-1593876151
1653654964
-960088037
114954148
649203429
-476348723
-29835752
1384738609
-1207535770
1510530413
683144625
1759654707
83078203
-1891633908
1590812209
276399973
-1877618684
979141678
-259234258
-1427820642
1013649748
1201787348
-1020006934
-1694571415
228527544
859401781
329583611
-1003985708
-948248328
-1538209106
-983861202
-589409912
1437623452
1063509238
-2033565527
1563763994
1671127985
-2001583723
-719344305
1874648479
603702988
1035964822
2128180583
1576872837
391642191
1301733243
-1011602561
1921333664
1155997930
1184141168
-741670002
-2035850621
970370148
-587661628
-714385576
1252681489
-1514690917
-88494444
57773334
-2118190509
1025222857
1848501704
188433493
-1331579254
-584438008
-712049085
-610996962
1002360712
-1334116841
1343476053
1137126742
1496192571
1191879006
-34474124
1699395688
288563594
1827292463
-1777938644
1240431904
1716957283
-845385394
-1382711469
1169051098
-1846830828
-1591449677
-1952028544
-450205989
-1943873062
1139157902
157792700
1784313598
754425527
2144433290
-1967776646
-2044260718
2121617544
-1003351467
821013444
-2109302654
375849302
-1507556256
765635255
947732918
-828323349
-564803101
1573695025
1978233529
487124136
-308171229
-529125944
409714588
-661663338
-2121067273
667004925
-876383719
-207409222
1073613703
-2126182992
-1444474374
-1063651412
1982046551
1693862103
-1464692805
-1503931542
810274179
408785514
343602542
-866103447
-356391860
-1453876319
-441335330
-1840316179
-1864081198
-1346060703
1975538167
-1840562791
314640163
457378035
-2031747995
982202441
-104684940
-121022218
845792122
-1803315425
293987245
786739607
-1172651692
-1024600356
926884906
-1111998210
1814606398
-578744464
2020806847
-588003061
1695564118
-1365643821
-446660355
352018241
-1997735056
495449877
1822031539
347518978
909970490
-1123850060
271696311
-366120708
104933792
-1716499923
566436838
2088308451
484790642
1707639765
-1915694744
-1192451488
-1446691518
-162525464
-1197524680
249382984
128561298
-2133617950
-349765149
1148582161
2114585903
-2015165427
-1238137201
-961258623
-890267177
494868315
813539390
-1370255705
-246479071
1590271861
986922836
1447370511
449134238
1756768019
2002819414
-1918395600
-639305670
-1283892083
-684200204
-634553559
-1776086552
-951377230
1199648328
-1881256020
439797118
-1309123880
1586165088
-1824035782
-72558372
-151077836
-192235271
-1160740720
482028628
-457290645
1550979981
-163850912
-1034663099
502353256
-1021607792
-1616830396
1716577033
-1470843792
-428800011
-894622993
2055160848
762871411
1867750902
-1394636379
197611853
575698339
1479686933
-1490830100
-1902935600
-493667254
-877924259
1438161539
-308946765
796831960
713587693
-769242733
873068346
-76153029
-1828249162
-213869020
990096693
-1637944461
2101070979
1948762066
-1603556439
-286695067
892255033
471861184
-465420881
-733694482
468926048
288704971
-539350117
-1888156357
1496205793
-1372783358
1362898015
-1397085609
-1093804271
1955460950
-49968847
-1986999292
222204653
-323243891
-384116884
-67216689
125613223
-1819393924
-2068714317
-1722393506
540203105
-441480075
-1262194340
-1632069620
1139788343
1889097725
-785468150
-1452476233
-325440125
-963171134
-1395349093
1782265816
1340623963
-1310044725
-194959291
-903240237
-234431650
-362993167
298968315
-1578130545
117552560
1937179021
-1991986155
354263369
-181545662
794276722
-2086599121
-809126235
-1727788202
-699472611
805486160
512567302
63978818
-1799292373
1803142734
-20943586
-1164891789
-216035574
-100399759
-1953985336
-1516177228
904030963
-1310876329
1610211860
478093232
550051095
-1784835818
-1063149917
-1214753611
2021439768
-1470940505
1404608053
-864969286
-215193926
-1690619263
1651990400
-345523549
-1422477094
-2065134204
-1452263869
562327490
-241369186
-131492584
-1903031655
-1459653471
1612515821
-876782186
-1429784174
-1608971522
-945747423
358735590
1212771071
475562518
-2038656517
-1994886296
788295820
-803657178
-1645684265
49864983
-1833991660
-1913357266
-1499347168
1288261868
-2059048144
1497397751
1554540037
-1558980480
364477969
-1060795817
-1454978452
1842903540
2113953679
-650160716
-742618073
-1987789292
-98500479
-193960250
1136284261
1002982586
1003706447
-808938592
675684970
124790640
-591940412
1461351152
2030658946
1760062041
-1089293528
-1394843259
1923406386
-1533102256
1462187661
641063953
-1615469391
662548305
1325985641
-2048773840
721154710
442244631
-1588115355
2046676904
46392786
700496903
-33960845
912504050
-576013601
-1106924980
1005869606
-1147879431
-2077761991
-218821310
-2047166403
-1183126496
-1537022707
732588311
1775263616
301381770
-1646289616
-1373985617
-1510306353
1497710484
197568594
-346106168
2065167991
-1506688346
-1103096206
217858399
-141384761
-370299349
1622717332
-1104797871
-1835672093
2073450973
1128398002
-2003031996
-277140777
-1507849915
-607653905
965930695
-1702970386
-1127092094
1205283858
-1170113353
1539103812
1794589000
-1000271055
1535234532
-1820380006
-886733781
227730604
1789405429
1006237801
28885533
1890583133
-913365368
1174818873
287982133
204395789
1662342813
1097372978
-571547726
-94698455
-2111136716
-1559875085
-1764344770
-1749617484
38958899
-1655161694
917787254
-1685994625
-546683763
-828039613
-1733088087
-1654247784
366009505
106748749
-1438465057
-357948929
-302042145
-459746950
-260486371
780000159
2105008561
91815646
-1424594201
-1752900996
1156428183
52831803
-243257082
1872891176
-1361075564
-1377737581
-835143541
-575409285
-1125451576
251595773
2008534547
176465794
1123698014
-617359428
-1299966901
-1644363337
-1602058073
-277295731
1276865718
1860783218
1466815111
-214212545
-1594709842
-242140512
811926799
-1210800247
-1378826585
122426801
-1289708181
-241450729
910835643
374691542
-1585273090
1335144165
-1016780446
78978924
1270496459
889079504
1589063552
-967621453
215170326
-1323890838
-203773276
-1937579325
1774410
513402381
-1406642546
1740614335
586005533
-1024366030
-1418236686
-499818422
437020658
372288003
-1736562565
104675897
-674144387
633797678
-595004398
-1635509622
1873481388
-304319749
-1797338529
-1320693355
-1518183995
227701920
-1601336945
608755841
-884039477
-230357805
-540983465
-1359909128
1985746214
1654559649
-1166692039
1258907678
-1762703998
756639102
-75389690
-312806722
-1036319754
-207165284
1592765859
-1507215162
-1504966039
-2132374657
1200652303
1083355637
-337641167
2010835153
-1813048156
-418290222
1632881660
1319459954
-1366353764
1170397407
1982808307
2092783059
-1394445354
-1748133617
2123542044
1184496516
-1813322022
937008500
992792831
555349002
-448199398
-755372740
-207215476
-547461130
734662522
-1659551266
1759029563
-1416916686
-543526126
-1392895857
-1074164875
-1355650146
811266098
2015225595
-1437840334
-1605608742
-625824346
-1177655503
-1135783966
-1930765979
2010692666
-1835585826
-1917061232
-146111258
-1003237760
2047673789
-1479890875
-283501622
1188505808
-1974227123
-365075286
2025537550
-359658097
-2134238267
1101389040
2035028829
1520904628
-2053884859
-1032447756
329646173
-173161080
-747063731
1553014941
141509957
-1880703572
-704851342
-476887416
924980146
-111703968
1544454734
2139224295
-658155077
-1181889790
1563019704
1244478630
-733968318
-387300397
1156863796
-712296754
-1862997363
-1257632767
957233069
687368238
-1277402348
1878226401
-1114795679
-456294601
387359132
138152827
428251676
1197859880
952837764
934375755
-178242392
-1027579030
366454622
1583821126
-1547099773
1351981628
2082973888
-307776998
321392338
1112934802
17523036
157736634
1939723157
-1791233222
-290375090
-205962727
-1939983844
-423926463
977698997
1153080117
-1651999302
-1252190316
1333337220
2122001750
-1996496969
1001848809
-1352834918
1480282263
273577866
-1593851937
-715634673
179373733
-291648953
-1830268573
-304106288
-527722554
-679332522
1631163734
-572030099
2133163037
1157519461
191473772
803964977
1939150123
201239199
624370263
1374931314
72416153
-438522083
932619043
1475447595
-1885018828
847019164
555832035
883490759
-1753192648
-795964303
-1426507891
709145151
1140398288
-475331399
-419265246
2146237798
-1553081891
161149396
949963794
1418667139
1238450678
-596172013
67971549
-2052792032
1954380719
-1517576529
-1336221699
-58295775
1431572510
6938876
-689572606
-1965115369
856712858
2105760479
2007942143
-1602663722
1037827270
1799938941
-975987164
924415044
715102925
325259573
1902764716
227544179
1031604206
1784851919
905326841
-1088081166
-2003762374
1518844405
1160976636
282804576
-271219556
422622177
-421007910
1750455105
1777895962
-244640425
1049075404
1367930644
-394529447
1748581590
-1603683770
503438500
62340454
-676252150
-1460797605
1943770270
-1315178317
-2007296636
1912414559
1485288803
-324369569
-747840596
-983588403
1035729183
-1013692999
267195125
512615531
-2108479206
366829318
-2019254957
858448299
-150934963
-1901610878
-1302633239
-1332929708
1553809208
-923941724
-1251810297
-321931423
-1463430414
1273510
237811795
-1658854103
-1562353279
421002820
1071297861
-946278209
812306795
68940739
-392615464
1329834139
1362809485
-1885724620
1399541118
-1158416007
1410864682
1726184953
689768531
1846142081
2134471750
-2141090424
2123139733
315175847
668897845
505100911
179398484
-1286762412
-1245389202
1614056599
-1561450907
374792262
466613668
1977723340
1133805980
-1299968845
69911831
-1446384772
1683210553
-1689217100
-56099290
-748680002
1472981922
-2121554975
-578965719
1535161494
569883730
1933922872
165746045
-1074208649
-439708143
-812017086
-188416801
-609619192
-1770068891
-1618083720
89014269
-1206293718
2145689672
-1733701918
-474530230
496404282
-238621670
-1102662656
-913024239
-922724205
-1870988584
1309797358
1694030285
903547734
-1625704818
823416770
-2044941385
1628137068
-636954102
-15063240
1343816351
679200716
-242257454
347666577
945470719
-698474247
1602025559
-960654665
1388773196
-1611483186
-1616281239
1052286372
1535086223
267628413
-460805907
-2047607547
-1745240012
1749130708
1315977422
479244570
284431138
1835905218
-1060193743
-1138269729
721667595
-41801702
1805477356
2118383728
892665604
-2110642282
1948002359
565635753
-372418473
967189789
1033743268
205331724
-303438184
2024437576
1158979404
-2102821145
1185876982
827967522
1601350730
1724499126
1062317266
-88772561
922537581
972154053
-274294379
-1673921105
-708836312
-1280296423
543048126
1285450787
-829650483
-1746505328
-1377827783
-1194274800
-1987243014
-1398692537
1444524279
-534021374
1894956371
1892567611
1976373178
2030689235
1015389041
394974258
405700656
93626157
-1552601319
178664411
-1387985085
-401550260
-104651856
-268070092
565009839
-2005526008
357962222
-1551961045
577164244
650909714
-1654048302
1869387144
1516904141
-149960579
686385109
-736673271
188179136
275076480
1285454178
-1890325042
-1232466313
174296954
-1543228284
613631479
-1422500817
-1802354891
-1632868639
-1738008949
1126009776
637851758
1261404134
1131653787
-379377251
428822676
-951051709
-839546202
-1746995187
782966224
1850288282
1898855743
913067097
-1006722491
1233500530
1285221869
259061303
114919320
-662927759
-586539438
-1610415097
1461505714
-1722236214
-1058552434
951449709
-651323452
683465971
-501120539
-745716449
2080237195
-1702680677
-1326858082
-316989697
-131668267
1395367387
1303052334
531627883
-1564183229
417674923
-1310027626
1492149972
-2089160625
-283870313
434927112
963359885
1560581520
790648497
165695952
203958245
859828028
6900681
1400468849
-1497014665
80025071
249467099
-363690994
-619191361
-1584018774
518502856
815744524
909485553
-1076843235
-980358327
-1464495372
-267099131
729551400
944949536
-1121946211
-682071786
1934179999
1739494287
377417353
-268228372
168430157
-1368774642
-559810417
2123796951
128921403
-2084644553
1634972602
2101028798
-1790588622
1015632388
-529802639
2059680886
1909377405
-575145923
-1292639017
-1253123752
-1171037454
-468155861
660569716
-923980275
1363522099
981250961
457454100
2140772523
-1913838031
439973340
692416495
2143918853
-1718457103
1921171353
874009098
-1549119170
-1881741166
-1806041306
1154794204
1637170591
-1495273330
434896044
1272965683
-1478132310
-1656855744
1553360716
-1575615400
4373615
1409239973
-878935656
-644348047
1777890845
-788881562
1242931524
-721175770
-1522179877
591485205
-1944619492
1864574599
1006112472
-1982041417
-1798747080
-1769310163
1533746592
1344439426
-936592017
1583991966
306480817
-1694364697
-12876279
-1974831370
243328334
-1409638702
717320375
-876236862
-141769326
962563887
-61567545
-1313026513
-1313124153
2082652848
-465753709
-159813789
-1920275720
-1844526387
1245853242
-543281110
-1021471292
742607116
90578066
372694229
-632017804
355978114
-1226102691
952187742
1331219792
-1950626408
1052115898
1257624528
55968813
1772419346
630715869
-1851106587
-824341942
2035761997
-1401825022
-1029856528
-530927779
-1387027769
2025585566
1117206269
-770064408
1421744356
1460560087
1715668022
-2110849840
529798127
-1240984522
-573327993
2015164463
1230531934
-1230273381
385656197
-507286680
-1853192103
-1775166864
243174027
404544124
-1970121603
-676299487
-1064287962
-303916901
35862748
-1256965173
-937469774
1536426494
-441177272
-1244476109
1316636228
383188723
-1697941551
-1037886727
-642752054
1140139065
-1581187957
34737164
-569241231
1218053261
-629023340
1682031200
-386021562
1009551236
-2113079980
-814579746
1590474015
-43624037
487556358
-8362340
-713270596
1667877260
-461510281
-1853847474
803230248
-1278761246
-730048498
777713915
-2080768411
-1276381745
1621616652
1860622579
818544711
-1669231555
-1156551661
-1956083201
516527520
-2050364382
20439020
698450906
678971037
-974655720
-59478396
1537506272
-397638289
854660908
761156663
-979905531
1562125357
1669503221
-725409456
-994343672
-671365896
1322545896
-1674829616
-1515784217
-1260214177
303441387
1822287726
2114355861
1548910085
-108666073
940789471
241662954
-1105650815
560743201
-912891561
1444747994
-969130619
1395907084
-1392641714
-583559959
-1954695359
-25871016
-2105599609
2049585118
350794761
-96121202
2007843149
-917226826
1740566324
-778248353
-2022358785
661397979
321324615
-879885575
-1320004913
-1274342763
23808339
1181524124
-1246397498
1384833472
-106254949
-782951571
2123593994
1682909631
-690764167
987046794
529382755
-609365072
333179009
1797784669
-43040005
-1992654879
1470290662
-977730507
-385993371
427524481
924171036
1035184402
-911231008
105275802
1747580607
-1651312960
1507544027
-529720002
913538995
1730017830
-1277191236
1531220736
-1331192181
1766929887
1317187036
-1356868698
-544209106
-912669687
317965270
1902332444
1762137015
-289390243
-2139788799
1401810602
1993886109
-80816768
756710202
902166889
534940947
1662971032
946412774
811190258
475244209
-1896843743
-1872562378
830270041
1370816340
1538637056
-610128467
1150585689
-66865599
-115594025
-668017697
-1109022768
-2086636144
-41183077
1856576122
1001048429
-1354913593
1155192420
1218433162
-1950467929
-81266235
345097348
-1750280968
375446000
-1096861727
798886874
-579656621
-227202518
448007506
-1411304601
-484167982
1896418906
-964614448
55826721
-436370791
-461346150
-522407557
-1713167353
226514491
106804308
1510560508
-1242905739
205043584
1959064492
112984041
880742329
-587046297
-777459650
1665029229
1776295909
-1323989907
-1873197815
-1077193944
178776294
-1492783089
505690026
1757326932
1758640597
-595360626
-282284340
739049256
300067213
-195899919
-457567266
-738357376
374589821
-1679744688
1163750407
595892669
799027646
-666388146
345183318
220668650
644889191
-1916430617
1850182974
541053727
1736734240
1995450987
-971437759
68055082
-1733541387
-2041116471
-1583959318
-1301160341
1089797740
-430493424
-480649729
-2017014786
-1788131880
-1415666125
-1041983497
409168415
663270383
262758668
-2081141847
-1597318966
1358828186
629989027
2075028550
1245259938
-1556938740
1962397359
368597897
-70052077
-2066652650
-2120243620
984284972
131262650
1178876600
-928113842
1885714845
1438516739
-461983238
912050917
-221529615
1027948051
412707068
336433602
389142297
-1020537879
830564940
1192384394
1500670546
1622129087
412437367
-1036037399
1275059426
-1599103307
913462242
-460387879
1923472640
1114747569
599571674
1171231268
32796179
-222804864
-30712088
197449255
1162823711
654286401
974151785
916709848
1850686076
-23935998
312850782
-1886946295
550143432
-405079893
-1736597375
-1229025299
-1162583778
-265802470
1793340824
-1361499429
491986567
1198439823
-1744765684
-1537142190
1364173488
1918443850
-178519876
1433876028
1746412509
-1714261902
-1739347442
-1604353162
1446732829
974709817
1498261831
1754847888
2063653567
1656075580
2118024732
934751953
617971972
-1498809297
-1631029879
236065149
-1754515947
-1896449863
1995190496
-1883624103
317451831
-1013030244
-363722204
-1337166226
-1166728900
2124654872
-1026233961
-865988083
1324035132
729629841
1584160913
-1647822061
-930768251
711884399
1142758802
144418414
1769507279
-2077207739
-2106323558
-2028524577
-582836813
1305236276
1837219512
547206913
-31312290
-1868913519
1133565921
-897334135
-2078613887
-1521808187
-131352061
-1097011250
-99670901
486220661
-1045258664
1893094540
486691610
-19262494
2013578751
309250276
853064878
1576833169
-1613459769
-85314650
-668692833
269081902
2137489742
1559069395
1526226769
-1265298772
2080418890
-1543174564
-2103972955
-997981775
-2075860698
3093296
-462243918
722949937
-1999788592
-1994255755
-715422028
-46274728
572059601
367124756
229301828
1779909293
-11469667
967025531
388630729
-2027423372
-1521951956
-1520520803
663178030
1443115347
1170176712
-1843626179
-1460977196
1717268791
96752424
1933976684
525506762
10143608
875952574
1713597008
-2083613893
1896394298
-1744553907
213344294
2046957095
462443030
-698058563
1784855689
-950523306
-1683480838
-994010574
544509684
969681288
-1541818547
1712685914
72746372
887818993
1177532758
150472198
1887849218
-1707572509
288356062
-3414020
560447777
-577115699
1347355411
1495409930
-1490019581
705961571
-390841682
-1074741666
-77521919
1447614238
-1191990696
-1012421867
575143595
-1913448729
1104508745
-1941193199
-1134704627
2104080654
328773170
-671509233
1480788788
556419200
1700371549
-893393673
1219879152
1021154873
740431633
-387860618
-762767398
-1100299529
1856787770
-1417253431
294641816
-1178292177
-934854839
-1176068900
-656311713
879299652
-1965729447
2053248659
-1223908423
323448310
-1815237741
-1998801818
-771042424
1312437016
884493522
-1618692301
1832877642
681711238
-350850167
-1375809457
231730077
-498028204
-1740623644
-1776212003
-1956356091
-570598582
1707096621
1042805859
623615725
239279760
408446065
602109849
1762003179
-19025243
-1184909726
872969348
1565383240
-1597590891
-841665409
-1983286588
-1324986946
741573227
-896480399
-1502584023
-2104252541
-1232627741
-1213334344
1008040331
-1631949690
995498596
-1998442106
2064207834
-2134619656
-1178005972
1059772395
-329931149
764244237
175341260
-2141344207
-702982731
-1775932669
1207393495
-1528307575
1438205140
534423907
373228246
-508633882
1093237228
1597527686
-74082946
-439353048
1227790169
-437114278
199799588
539658109
598301253
556943205
-1137629584
-1452190460
-335352191
-629578742
698847313
725126834
-1310053480
-1451113461
21314864
-716367751
-117502175
-40253873
2137037159
-1226677594
-401930155
-789378332
1748498676
1929718154
423225568
1420784966
137668201
-41415844
2142277371
826642145
417033511
-1316415395
387685562
1483345364
620696267
-486686403
279040162
-465271817
-1222872089
-341522499
-1018506370
1737587231
923744244
1737758101
-1247506574
867466144
197742727
-929915497
-528587696
148952594
-106514493
-406017261
-1607283414
-106426024
563749390
-1116519555
1349339943
-492215331
-1073309945
-1145209267
-18634342
286107425
1323640247
1892480806
156692304
-1288728461
-317380602
1734655546
2074186025
-1635241473
-2018981521
-1015780628
282966505
1089734667
-790182665
-1284557642
1611119440
702879357
1591053915
-1937689012
-701629337
777706144
-1749853560
-1271709951
528546076
2025919783
1359067983
1747965546
-894753007
-664620943
486720088
-85830080
-1610493008
-617724146
1307631447
1406353034
94195586
-329380223
1159327102
-348968965
460847809
594356807
-107404238
859306136
345573163
752921368
-168632576
1980120733
-582417640
-771047828
-930058030
-971319903
-677674546
-229453248
-397838755
1204238840
1887073556
401977625
-284468259
110440024
1830095876
1339873865
1351027204
-812869698
207432485
811375216
349695535
1671476114
-1084501576
1771874373
-828976678
1647840265
785776722
1013402006
-469879466
-854274358
977335466
1968653452
720183737
588868052
1553845940
991764787
-755980780
280990366
-1933446418
320372538
642479083
1238768511
-250429959
-267746314
-25800991
-1703134385
537943402
661824684
151733171
-745067697
-1066081822
-1955114737
-2101814681
1130970949
443145819
626016775
-1376143420
-1413489685
279455941
-1354731340
-2044698108
2124410761
1501204432
-1047922255
2081299656
-558968608
366320139
-72978276
333910091
-602953654
-851205586
1588750294
562376666
2001454878
-1316625229
-1482477433
-141651069
-1939959463
29381290
466228964
-366266100
1046732154
-1408287283
-929521996
94461990
1257369260
1925394898
1422754831
970913250
-1323930326
24153856
-714439576
-1586904220
-713031458
2059778565
-1873857586
194466773
701788748
603190534
-1588239762
-628570722
-489851475
1252275702
1234163292
1417018066
1706329183
1211272746
-2095817326
815193323
1551394939
1568667437
-1027179464
-776951880
1176329927
-413951792
-1658307803
-432509034
2045965007
1229053062
260758181
391861982
-318178995
-1516183058
1146187132
-800053603
1024412881
-1586026321
-745299925
-1386398070
409088157
-1261796469
1368338545
-1187442636
-1161855535
-545085266
-969221868
-1491428998
-281084217
-1703677113
-986335776
-1020095936
-1930781504
-396613030
-411409424
1771913567
1241072575
-52141869
-2131926485
-1335350051
-998661963
-715636003
2001892881
1128667486
-597156387
-1191943052
112007351
-1707143975
-1258438295
447898936
751579152
256985229
-1883516322
227736964
453089389
1825795638
-40736837
64178367
-569753018
1589068924
-943831583
444326129
-516691910
1859112620
1155313198
-1030905959
-954621612
-2026591319
1165624554
1224284093
-2011114609
956821540
944402790
-70574783
-512472421
-2004684790
-678831006
1992945020
-422349087
-998134978
-2131562321
-781988600
1248336069
-284438136
244515349
-460771623
2016730154
-1596616244
-1967456650
-434521968
-1965840326
-1163810690
-1163145934
-97732591
-43866266
-133078699
748601549
-1108156846
-1360311380
-687439810
212926159
-310881418
-1367420137
-1064942189
2067988971
711686169
-2131226484
-481558132
-724854173
930998253
1242201282
1613556469
1362104490
658149765
-431828078
-598332127
2108247626
-1887111312
-2095201936
277438750
1649946888
-1448939894
1369269560
-1106581975
304704581
-755798642
1192143406
-2059874972
46898342
1770668526
2067512896
1442335941
-780111369
-619594266
324610189
-1298993838
582751052
-1731152946
298796074
1367074954
-1810620055
-1027321169
484057890
352938278
1680997219
-761087975
-451535425
146055937
-1986909818
-2020324557
1504678407
-2060519853
-1726672263
1237267731
508598153
-1496739291
-1492951392
1117882960
-1756386471
2005944832
1785376193
1642854868
2001639512
391090920
1910342377
1868043510
-1498865736
-2100765816
1676380816
1846707399
84354494
-1881689170
-1286234373
-687685461
1348363978
696088313
559099617
1103043116
384563348
-1544524081
91548241
-1047186934
862854071
824614805
-452273710
-1577309546
-529849997
-1859930854
431113163
-45667521
-388339282
1104462419
1913783333
1724123501
508607804
-675559347
252852782
668674701
-954103713
643315806
-1656328000
1266873196
-1376077423
1146676638
739222690
1705662664
1754876032
-948495979
-1402090195
40068388
412133721
1168228405
-691090638
1540343771
-1476415415
-400892150
1134748187
459194744
1756473664
-929510481
-1268965552
-737345212
517122039
-1147153021
1409831899
-1253292001
1028281396
-580888931
1845462094
-364780397
1363195468
-1431281668
954397411
-1134011354
-259733527
360150275
-1177475099
76666351
-1681601267
-27915741
-226649009
-1358030229
-704333482
-474367271
-365630798
546323600
-1497422461
-1272288549
947432027
2124234787
132225334
1168885389
1977309364
823021894
-1667420933
1909577402
-278465302
667312468
-166672248
-1528915072
-1604374064
1633959153
-1620934330
1764352650
1742365186
179793756
-265167600
779340932
-1447394739
340756230
44367161
30782923
-1354627506
-522023064
770635220
-703826332
-1323938984
1572918289
-1622289106
1209150768
624678299
1801011454
1851989919
-659748260
-977880191
-2009926611
783401858
1945881886
2050745179
-1711942540
590924161
-614471523
1996879677
-278576754
-86883051
1471185968
917189413
-120770186
1081231692
-1331639605
-1828753054
462638839
1507452365
636960181
-337635021
-1499271804
906915865
1725628030
-1468148819
-1853626812
1529191699
-833141712
982657762
-195448207
1291529921
-2122027068
1361934143
1024022242
-999474604
516518871
-324288715
312079589
-1660401051
631210909
1025862940
-1261628334
-35855999
-160613098
2056978259
-534185252
365699303
-1850883458
2020153003
-679435094
-734947441
401307401
1988396805
11153957
-1599308434
1885164239
1758744121
1808654099
137027320
-1787756027
-2114349767
-523970844
914193638
1954235245
-1858855050
2107669068
2061722681
1667971599
-1525429119
837282321
-546798978
871671337
1015943157
748874533
1726134866
1517304163
404259733
-1255770121
-133350360
1727035974
-757598288
-2130144507
2113546057
-738399505
-754604595
-505008459
-1022445796
-2025036033
-1096652413
-1526776219
-197230425
418573525
-2136333401
307905728
1115587669
1275479551
2037885869
-1839074477
2024871929
201343725
-986975417
1694805855
-1864897262
-1554219545
-1963900846
-578351120
-597051568
-715466432
572367090
1874307374
1971140439
-1649464117
80084475
-951863054
-1319916094
-663103858
612724626
902924444
-1125582231
845947573
1280489491
696162339
2043669479
-407454007
-210237131
-1867717011
-251296938
-410014687
-799049876
585886432
449720412
2097178008
-936853618
1585386552
1784433003
730082431
-1608301895
-1613963110
573523011
-1173770027
1385258099
1495196393
1460630203
-1603630923
-1228376303
-20166311
461522881
362687247
-1877769635
1802352961
1087334559
-1357553254
888385651
441619508
-1653666177
-419011063
599104747
-1185088943
-817988559
2000756348
-1341177284
-269804070
-228619222
1940270393
-774020769
1405729795
7641807
-1714239589
895303602
-124465396
1060786420
-1103198134
1537859359
-1096233583
-711650658
1764208812
-1659759491
102239008
-750774768
444435866
-1739644875
87887372
2108188421
-1027607722
1341762856
582741632
-597796295
1925579965
1427462608
357700310
1563178286
885897656
-1335283803
-2114659031
327749164
1096341752
920497345
2142576168
-318035832
426989793
-310426682
166093101
351097129
2034916294
-1840351745
-1989778035
1341062983
12204887
636808133
1590843697
998774
-18000041
-234279133
-1371756443
-1457611037
428645265
1711336637
-1563461905
-1406876452
-627183348
-863248659
1391793763
-1269155691
1228672637
974112558
1298206133
893361448
68574204
-1113581123
1776911888
-630751779
1214176763
1179795325
-1748356891
-417842005
2142722931
1903792666
988216134
37741822
1796092767
-1855687055
-63561101
-1836325189
-1972464275
1374042415
1407090101
-1424818816
-1311829517
-158363209
789582186
723503152
-1138445025
-265162935
-446021791
1871631534
1605378418
-2107116448
-886822809
572204007
1541234031
413123674
1935741729
-283088362
-1721350001
1388971870
-1570509796
1426755395
-1678578825
1989855353
-822987998
1042166796
-2140006548
-243822070
1181215183
-1916911961
404228358
-1291817888
-989636765
1779348518
-728235485
114795169
-452413992
-2112527875
-1173811426
2519533
-926213065
1400708033
1697999681
-1332017470
111753766
-98004686
488061047
427715745
669104326
453902459
-2093187514
-1102621711
353129659
1134905527
-1544051717
-688336348
37881227
-1547296585
870373926
-1813348328
-758135252
1634498050
-1216338104
-1769366849
1442108119
951400476
457116619
2037975553
350646306
1992692747
272363825
-395284000
-345993395
947315734
-175581040
-1416056355
548135899
-977545265
-2147353539
489059994
-730382748
-985950124
-58697529
-1730559552
174801065
946662609
1811370279
-1911321566
2117910248
-599022776
-968105419
1419830818
1366516338
-714292844
178723164
-1133692333
157245818
-466206038
32293521
1866700383
-1072537554
-1350638558
-2061860480
-1411310037
-1143156981
-1256273931
-186463736
286854456
1192385133
-649990520
1293577193
820832844
-487768219
1524223209
-993614404
1820447057
630299086
-1516534953
1443164962
1158018940
1773076386
1422686215
1726286400
1495780785
793771401
100096549
1625341034
-722311899
-1102296909
-473968360
-2027639266
821623364
1825290726
665541642
932715059
-403322411
1553294810
169485735
-691989423
-711027620
-1580767548
-1978478556
-2038038877
1890808767
2051615536
1060142466
-89905461
460515116
-2146214381
-1489856493
-21053930
-1830274759
-561660896
2057445181
-1066884880
-1254644660
1840540250
-252150659
-1900109414
-1419912900
-484728342
686826670
1481591321
571395128
-826161870
1432848779
-899135119
-239473689
-71486943
-826073230
296812563
225978065
-1265343032
-1270645910
243064723
503997181
-465287891
-1668231833
2125959581
123030490
-1390305441
-1324533044
-2030560727
372349538
-997704502
-124527312
-211326739
2016820092
781914060
341993828
49942035
1234434209
763255431
289915573
189007404
1014007490
-995238408
-2146304403
1814614371
195633001
-794925496
-556098656
1075399157
1589839902
-1241823134
-1854409948
-894177824
-263017461
935699653
-1773722656
-1548513318
25701346
1369736090
-1376649399
-94133372
-417691650
-1861083639
1963506218
2106628319
-1548171064
1979967687
-1652595293
-1738671362
-1799698084
-680512525
-124029837
-455916035
-1790867349
720204834
-941764487
1015785521
881927010
1037338808
154813559
1845764768
-1670586421
1527812985
1622490649
-993608525
501212916
-933481121
1535978550
-1419198678
-2073847859
-782941011
262470996
1396517455
-486632682
1808617539
1362723441
-1912874130
-1962547783
-1605467084
-1455179264
-1531898492
-488901260
-516832363
-326744271
-1404018379
1788810170
52169624
1583651189
-1904150525
259250907
-1736018984
-7960511
334048957
171293026
-1739235339
1597204241
-945712332
-1642442819
-625428893
-1686383185
-1865436876
-1250261981
-1864880001
1341771956
-1695305038
1354657970
946608099
-379402673
1181962049
462917591
227804410
362787652
-996163894
159828721
-666733866
14388280
203137916
979521336
1890401344
1882748715
-2023678207
1684622555
346052112
115382596
1048020721
-911080344
-678339905
-1842381612
-102011765
614516337
505920314
-637709420
-1626149982
-1327707797
1289136376
1659214129
-1479314220
1579284953
90377550
-705242614
1774028546
-1902303063
-2113854975
1674682936
-458880005
1701985245
-1554350307
-988227378
-13874054
1642218861
176599556
1064700769
-1693012142
-1165908885
1443738057
-375886390
1667217383
-263416728
581747902
-507669974
-177211424
1433063190
1795926859
633281838
1436084250
-1655102418
102310913
-1718551917
-139469601
-163959917
1604525294
-1378888212
-152598185
58553783
-1154472398
733469603
117032510
1528749629
-748357166
1524106813
-879063081
-961157920
26881227
-279544863
1699245855
-1968754542
653483370
-1445019622
1662894662
-968318744
-1014336806
77250011
-611739558
-1310027340
1180090878
-1356599869
420353093
163525875
44116865
1986665634
663587577
1891837673
190023466
-916351428
831443177
-2091343734
-1165823884
-1608337332
1182034618
-797381604
-109459363
-1388236341
170497338
141951001
-1669365634
-2134805903
1602443408
-1954519975
-756448421
1970736764
935533237
-1362901648
-656290308
-1124132177
-427072222
-1087448491
-1442509124
-1070218083
829346251
320962627
1673747808
-231298265
-2008263861
-1702481693
-1584668566
-2031371454
-1758770080
-309709142
1149039535
-1540975363
-1770181992
528106368
-2116574169
1232911554
986806348
-1149284958
-2012310268
2145328347
-194733619
-1773021496
-1489657339
1516870456
-792679971
951583113
1612239627
-428882066
-131389087
-452650754
-1835633428
-1785207549
-1794017709
-736661850
-784241786
-1306143256
1347501565
-1766083959
-1827794665
-1884575418
1096375907
1294674335
354236108
-244460931
-1074599168
30172785
-1814160745
1478839400
1716078773
750020608
2096719429
-492163866
1875088638
-1528806682
402951119
1018522774
-1682912154
-654460741
874386159
-728701215
-1528077252
-2045025863
-779572234
-1736911300
11553671
-1660990301
-1184621604
-1360899922
-365918410
426588385
268457368
-1643214704
891542939
395562735
1228428466
-812984941
454444314
-177571080
1996983573
934922759
1284573725
775933374
-1167719383
-1736320934
1272701002
1750239164
178546465
-1929229090
975262456
-850546035
-2126335343
-2097700914
1015367902
-786273138
-1529790654
2038719378
-596406515
1967147714
-1508554679
-861646014
-531128544
2060940534
1420246613
1155745128
525210801
-740433883
2094169161
-599128311
-2039249394
-1706865891
-52219638
940532454
-1602505684
1834344801
-712469863
1253824767
1534543323
-116152239
-994136477
1079167576
-463633861
-1471997304
773090007
368844030
1330822766
-890268283
-1822978503
-1395286964
1845195406
1703705996
653909686
-465331862
-440981023
600587214
-618680393
931958806
-39992757
-1419347257
511275129
1694749606
449621763
-1998895897
1880035293
-154957747
-801557879
-789124748
1581074812
-835294051
1360511959
531942318
9580542
-2001324212
-113765674
106790963
-1187542868
747343162
817389587
295623845
242142274
-957819982
-680911950
186834313
-796139255
-1119264017
2070740898
-753629583
-233250267
-1825383198
891623697
1666195549
2006878251
-789664718
469988642
569277023
-2009987338
-592580732
-622828323
1638994045
-660441926
-974498564
589401191
-1227932454
-1506996647
-822433278
987050354
-335358185
205581557
-2097536184
-158368522
-659233290
1481638086
982360332
1668129825
-200194240
-801872596
2030203802
-1284625269
1003647465
948855303
-1460247532
-1785938003
1057273457
-370102714
-1670314635
-1492958829
-686644852
-487209026
1012044243
-1292296496
979526916
-1951239108
-159590428
-855308877
-1511626018
-1448689699
1834941634
947158711
1283552955
-1013969764
1725240818
1972377663
-1639908991
798230315
-136781918
-1639310974
1148615482
-1788504825
-292482254
-1875840829
2095267643
2122452934
-920575499
-916598586
1270318728
-508141133
1702058039
-1666502274
1817777271
-2113874020
-1856787326
-1375328246
33216914
-1528972311
-892223715
-311899678
-179705663
-1906700560
-1421554219
1698369357
974265000
1797845128
2075435007
-1162155754
419365710
-1079144740
1813425852
-1142719106
616832510
263499392
2013203838
-2125021068
-247377038
-1967775799
-1890003253
-1286874365
-1796784595
-47729320
-2001591999
1236801035
-1292840665
-839872520
1625538777
-2129707981
1849574575
816108458
-1986176913
-1051482339
2063035789
253696508
2044886913
1543334876
1054466662
814626209
1359872054
-2117903710
-545680540
1449335614
1656517026
-892877379
2030090261
32768897
-1336954296
2102805444
-647612525
1164384888
802227936
947839245
-1042288923
-389525472
-804265639
1269724257
1019771301
-1638719941
993498144
1244334835
1334206690
1748129637
-1141475934
-61431923
-1602431929
1803899753
1911896080
-804679413
1592545660
-1986327344
1225095521
679054349
1210834380
1581843387
1197133724
876141543
1628026375
-364054030
-1567500969
941971164
1571592361
-939140036
1165818490
-136488564
-1673720261
1891724528
-1310253752
851740074
-1993321479
-962493493
1576546208
654915569
-1518023500
-738920700
1156082815
-38344360
-1042670599
-636649058
-1837964856
-1427050621
1129140083
1348287228
1346392647
-1623961475
44284557
507212730
1217377267
154574244
30763099
-10875975
-370028941
-152892956
1773291450
-772696709
-1589527069
1851141927
-9734731
1195104946
-1587782185
1623996172
712788522
-1472621037
2008342687
-662938922
1023740588
-1019644306
-1442507060
-493359450
-1520212053
-1620852989
1077684979
-682464275
234039250
-739305203
-424225360
-700764389
-375151184
-1109890397
-604484115
-1668752228
397738906
-1035942208
1120631140
-2138988284
-524666418
573688480
-1708646047
137019528
-1322556709
-4588467
-273666100
-1524815440
1688595008
1230503544
206911590
-217841846
1454276947
-1731940980
217502290
-182104671
-1935475100
1251572224
114197975
950296302
1455983138
1582404588
-108637596
674259727
-1908097220
251247583
589500628
-372679050
-778657717
-1513370385
213661170
-1418685341
-1425111058
909136912
1586411838
-1623662507
-1559070922
-1083062103
-1097784335
360624829
-991009211
1897020004
-91550658
475440373
-691635407
1819117637
1444053210
-121841552
1580944173
-1772129027
-1711920962
1342084401
-777090582
-1354355584
230890283
1098570624
-65483974
-1674637611
-1316899858
1231936731
1967602422
1250219052
1035266021
138842155
476213026
-311206347
-967057983
-431696585
487438414
581356207
-2089955572
-1542333603
847287358
1213242174
-1572571795
-705970306
2113021645
-2118711679
266962987
-753363654
1757994254
1866450531
-1736438289
233066333
494837427
-332859471
1011517133
78658456
910963122
2084036333
861614725
-237894285
1286911013
-808540575
1175189253
694908034
859066481
-1839765130
640658225
1094932950
1357090730
-687595195
-1681471001
-230989642
-132977098
-3651986
740151613
1418049167
-1426549073
325729321
1943785996
309902888
1053058830
-1630021478
-1880362062
1359888921
1007461381
-2067095960
2123690002
-335619459
-305660245
1786608527
1975372767
-985564698
1546637406
-1174462091
1703890714
130176401
825209060
-943109573
-1550450216
-1968988966
-692729133
1794539350
1921036616
-527584271
1183420979
-84593315
1909702900
-457447986
629457249
-198160093
665439303
-791821982
728023093
-1676514808
-1054974897
-1842047474
858315111
-1924506228
-863521342
1737999192
-262938066
-1534261212
1332806470
-318648356
1638807593
-310823087
-241803284
72579968
210712962
-603969299
-1976007171
1167671531
-1836868784
-771347513
-1237965319
1538456118
-1332198851
1324402
129313244
1552194788
1910997352
-2077458086
738617507
1944207631
-1065294964
6393111
638750222
1020848100
1453449825
217056773
-1958266202
-1189563055
-793235390
210861076
-353918975
-1050898180
-1660127217
1053224411
202644803
116810358
981382996
3637747
571514856
-1117365072
-2102683990
506528130
